 2
 1
 1
 3
 0
 0
 1
 1
                 495902.1584522545454092
                   7186.7454582615282561
                 398600.4417999999714084
                      0.0003242805613871
                     -0.1535750106793125
                      0.9887490358836349
                     -0.9993951989724217
                     -0.0000824096279032
                      0.0005305715954170
                     -0.0000000387960941
                     -0.0000038546461780
                     -0.0000000001020711
                     15.7079632679489656
 1
 0
                     -0.0000000000000000
 0
 1
